50436.125
50436.125
50251.0
49599.94921875
49005.6015625
48376.2890625
47781.94140625
47152.6328125
46511.66796875
45894.01171875
45264.69921875
44658.6953125
44064.34375
43446.6875
42840.6875
42199.72265625
41593.72265625
40976.0625
40381.71484375
39799.01953125
39193.015625
38610.32421875
38027.62890625
37433.27734375
36803.96875
36209.6171875
35591.9609375
35009.265625
34414.91796875
33832.22265625
33249.52734375
32666.833984375
32072.484375
31431.51953125
30802.208984375
30219.513671875
29601.857421875
29019.1640625
28378.19921875
27783.849609375
27154.5390625
26560.19140625
25930.87890625
18212.962890625
18209.8046875
18126.123046875
18045.59765625
17961.916015625
17881.390625
17800.8671875
17717.18359375
17636.66015625
17556.134765625
17469.294921875
17384.033203125
17303.5078125
17222.984375
17142.458984375
17060.35546875
16981.41015625
16900.884765625
16817.203125
16736.677734375
16654.57421875
16567.734375
16479.314453125
16398.791015625
16316.6865234375
16236.162109375
16149.322265625
16062.4814453125
15977.2197265625
15896.6943359375
15809.85546875
15724.59375
15637.7529296875
15552.4912109375
15464.072265625
15378.8115234375
15295.12890625
15213.0244140625
15126.185546875
15045.6591796875
14958.8193359375
14873.5576171875
14788.296875
14703.03515625
14619.3525390625
14540.40625
14456.724609375
14371.462890625
14284.6220703125
14197.7822265625
14115.6787109375
14030.4169921875
13945.1552734375
13861.4736328125
13777.7900390625
13695.6875
13608.8466796875
13523.5849609375
13441.4814453125
13356.2197265625
13274.1171875
13193.591796875
13111.48828125
13030.9638671875
12945.7021484375
12863.59765625
12776.7578125
12691.49609375
12610.9716796875
12524.1318359375
12442.0283203125
12359.9248046875
12277.8203125
12197.2958984375
12116.771484375
12031.509765625
11943.0908203125
11867.302734375
11805.724609375
11726.779296875
11647.833984375
11568.8876953125
11486.7841796875
11404.6806640625
11324.15625
11245.2099609375
11166.2646484375
11085.7392578125
11008.373046875
10929.4267578125
10852.060546875
10773.1142578125
10695.748046875
10616.8017578125
10536.27734375
10455.751953125
10375.2275390625
10296.2822265625
10216.12109375
10216.12109375
10216.12109375
10216.12109375
10216.12109375
10216.12109375
10216.12109375
10216.12109375
10216.12109375
10216.12109375
10216.12109375
10216.12109375
10216.12109375
10216.12109375
10216.12109375
10216.12109375
10216.12109375
10216.12109375
10216.12109375
10216.12109375
10216.12109375
10216.12109375
10216.12109375
10216.12109375
10216.12109375
10216.12109375
10216.12109375
10216.12109375
10216.12109375
10216.12109375
10216.12109375
10216.12109375
10216.12109375
10216.12109375
10216.12109375
10216.12109375
10216.12109375
10216.12109375
10216.12109375
10216.12109375
10216.12109375
10216.12109375
10216.12109375
10216.12109375
10216.12109375
10216.12109375
10216.12109375
10216.12109375
10216.12109375
10216.12109375
10216.12109375
10216.12109375
10216.12109375
10216.12109375
10216.12109375
10216.12109375
10216.12109375
10216.12109375
10216.12109375
10216.12109375
10216.12109375
10216.12109375
10216.12109375
10216.12109375
10216.12109375
10216.12109375
10216.12109375
10216.12109375
10216.12109375
10216.12109375
10216.12109375
10216.12109375
10216.12109375
10216.12109375
10216.12109375
10216.12109375
10216.12109375
10216.12109375
10216.12109375
10216.12109375
10216.12109375
10216.12109375
10216.12109375
10216.12109375
10216.12109375
10216.12109375
10216.12109375
10216.12109375
10216.12109375
10216.12109375
10216.12109375
10216.12109375
10216.12109375
10216.12109375
10216.12109375
10216.12109375
10216.12109375
10216.12109375
10216.12109375
10216.12109375
10216.12109375
10216.12109375
10216.12109375
10216.12109375
10216.12109375
10216.12109375
10216.12109375
10216.12109375
10216.12109375
10216.12109375
10216.12109375
10216.12109375
10216.12109375
10216.12109375
10216.12109375
10216.12109375
10216.12109375
10216.12109375
10216.12109375
10216.12109375
10216.12109375
10216.12109375
10216.12109375
10216.12109375
10216.12109375
10216.12109375
10216.12109375
10216.12109375
10216.12109375
10216.12109375
10216.12109375
10216.12109375
10216.12109375
10216.12109375
10216.12109375
10216.12109375
10216.12109375
10216.12109375
10216.12109375
10216.12109375
10216.12109375
10216.12109375
10216.12109375
10216.12109375
10216.12109375
10216.12109375
10216.12109375
10216.12109375
10216.12109375
10216.12109375
10216.12109375
10216.12109375
10216.12109375
10216.12109375
10216.12109375
10216.12109375
10216.12109375
10216.12109375
10216.12109375
10216.12109375
10216.12109375
10216.12109375
10216.12109375
10216.12109375
10216.12109375
10216.12109375
10216.12109375
10216.12109375
10216.12109375