0.003104286885657238
0.00310022626021962
0.11776340588708716
9.12515120414498
19.79833322760037
30.713165681046068
42.312062261906235
51.01374317458266
59.399571831394546
69.304307950533
79.37949414475302
90.58601042838512
102.97519681495379
115.60596618177965
128.74330148106955
141.89522572479686
155.57486890180147
169.26171064145106
183.47685295958954
197.9643225435743
212.4429982736151
227.0449007789187
242.24816854212781
254.75232616670948
266.59565068416896
279.29119846393553
292.46224610027167
305.5761676240856
318.78627674219615
331.40449024421486
343.40689283820865
355.537862937626
367.44241977840727
379.79857574050885
392.1671264829939
405.48987327447946
418.3643285860904
431.4118815068093
446.42601063457926
461.36224070236767
477.48321213766525
495.7126760075819
513.489752309894
532.6190923270892
552.7169219595827
575.2005677255734
595.9499167110315
618.0785515321999
608.0968427910632
594.6330212777128
585.9533191870792
586.1137099618542
586.6033955067975
587.6060934217625
589.1621904668148
590.992274288551
592.9953822143832
595.333497904593
598.2243737003299
601.3684991173861
604.5499331311652
608.1995164487229
612.0764546742156
616.4099356092485
621.038623888145
625.6047324450217
630.4478959439502
635.5847430085192
640.70098210307
646.1261005651551
651.860459125106
657.7496004698042
663.7387690474384
670.2882443547505
676.9117482301529
682.4713475988591
689.0821168601123
696.4166986592302
703.9577825647534
711.9977184572869
719.8427388316999
727.5935311148828
735.560381437637
743.7242550375138
752.5845284058088
761.6826263821459
770.505944108794
779.7231941366095
789.1690498812327
798.8446127258989
808.7507968176209
818.6950830640301
829.455751906337
840.0604158520916
850.6891255816201
861.3286497406147
873.4714081097243
884.1216866826802
895.861027340971
907.1444327774072
919.0933581868907
931.7324911019667
944.365243971943
956.9783529707246
969.5577662869949
982.3438444252112
995.3357409741943
1009.837703474262
1023.5252282847537
1037.1558294624922
1052.083521757081
1066.691314341067
1082.0806379784476
1096.5594258750766
1112.3978686527214
1127.5853295324955
1143.873241524119
1159.4838991666238
1176.2176445715486
1193.1792479160965
1209.1101665043216
1225.2356875386304
1241.5552790036925
1259.697799463287
1277.082895767771
1294.008515132861
1312.4773785784578
1331.169844422574
1349.7398342570502
1367.8255961847942
1385.7576102573707
1403.8819566328818
1423.2823446822872
1441.4385197068746
1458.6747600644035
1477.5641356461722
1497.0240641172427
1516.6868560577398
1536.5533971931038
1557.788906463989
1578.4701353622534
1598.5739949370275
1619.6785391447218
1641.0008866230776
1661.7256652687854
1683.4799088574068
1696.8258274090354
1694.0623259048234
1691.0460349451234
1688.315329979363
1685.4938721551086
1682.636329464843
1679.7960476149442
1677.1294237991156
1678.4535855327929
1684.5092095870634
1690.9750327641439
1697.4654322098966
1703.8497865524891
1710.3884346648308
1717.0826404174152
1723.9336667888074
1730.6777954133565
1737.4463201753188
1741.0744682339334
1740.8959600387054
1740.734400529749
1740.586151934582
1740.4511408376916
1740.324783543036
1740.2086084348564
1740.1075643346128
1740.0273048752406
1739.9575224908415
1739.8997151745814
1739.8645534304492
1739.8691968104208
1739.8863892629834
1739.9174889285657
1739.9535034875112
1739.997628106249
1740.0598388953783
1740.124351372851
1740.203250301795
1740.2984256049758
1740.4073035388662
1740.5281104971443
1740.6607734878378
1740.8052186260315
1740.9582120129794
1741.125807799329
1741.304939497439
1741.3182787076898
1738.942989517048
1737.0014614853103
1734.858874614161
1732.9354387111605
1730.7714493378166
1728.4945511584308
1726.3942165021942
1724.2635444056382
1722.1844610656658
1720.0349832820793
1717.8163835376251
1715.650144092858
1713.5352075805522
1711.3524148301158
1709.457370620111
1707.4540259124178
1705.4611184714358
1703.4786384443287
1701.5065761070068
1699.544921828971
1697.6318261314343
1695.728716314527
1693.7978227279336
1691.9148578755749
1690.00449428259
1688.1044839621445
1686.251770921357
1684.3722380777283
1682.5395843701308
1680.680495258802
1678.8678681191006
1677.1011008362912
1675.2723131125992
1673.4538118466076
1671.645588941305
1669.8476366061418
1668.0599470242423
1666.3172656781776
1664.5153255764542
1662.7927302171431
1661.0799703711739
1659.3430806963136
1657.6164095931813
1655.8999498941719
1654.1936946800806
1652.497637070737
1650.8117702527318
1649.1360875511275
1647.4705823740446
1645.815248207834
1644.1379220024169
1642.5350673794294
1640.910208182776
1639.295494913171
1637.6909215073124
1636.1276482134072
1634.5431382898078
1632.968750737749
1631.4044798901211
1629.850320122213
1628.3062659085406
1626.7723118244144
1625.2782350802793
1623.7642674293168
1622.2603841704788
1620.766580175626
1619.2828504249592
1617.8091899789913
1616.3455938999086
1614.9204614903742
1613.4767828092145
1612.07116826822
1610.6752094788515
1609.261274472982
1607.8848074615914
1606.4907454787872
1605.133753500149
1603.7595477782988
1602.4220146762386
1601.0676489386185
1599.723295383183
1598.3889501333717
1597.0646093280304
1595.7759444210728
1594.4714051731198
1593.2021464501581
1591.917394409052
1590.6675280546847
1589.4025493426516
1588.1475500884087
1586.9268432618721
1585.691597372335
1584.4902503596907
1583.2747451858338
1582.0692034912697
1580.9146928389785
1576.982199498023